376.25 396.25 0.0 1000.0 503.328 530.594
167.594 614.562 85.5312 540 117.469 249.234
420.734 553.781 422.297 511 232.703 622.547
254.656 506.891 449.234 537.062 391.031 700.234
313.141 501.891 83.3594 527.375 74.375 423.406
423.578 436.641 167.031 595.625 137.25 637.234
343.484 424.109 206.047 622.016 445.375 531.766
183.359 456.453 139.734 278.844 42.8594 217.5
323.984 648.688 152.047 622.406 456.078 947.672
410.766 719.625 145.5 295.125 362.906 801.75
285.328 543.047 296.812 780.312 285.344 610.188
22.9219 134.625 510.062 885.766 464.344 938.797
337.781 519.406 140.375 622.484 432.688 621
383.047 545.75 157.875 282.625 102.812 148.141
257.422 494.312 86.9219 191.234 199.484 306.078
207.141 215.828 308.312 819.656 304.234 420.609
125.328 338.438 413.562 763.125 55.1875 355.312
347.609 834.641 296.891 586.656 443.594 477.016
19.7188 171.984 419.984 597.531 0.46875 144.094
198.078 565.828 417.375 736.719 144.594 352.781
89.2344 410.547 495.156 723.281 119.438 404.969
486.953 939.266 313.094 704.094 32.2656 84.4688
31 440.516 364.969 443.312 40.7969 401.25
348.188 613.844 132.969 179.562 234.797 338.562
325.938 436.891 353 637.266 428.078 770.672
364.906 746 148.859 580.25 394.094 533.922
158.844 594.75 454.125 686.078 146.766 166.938
498.172 620.422 417.609 797.125 81.5469 250.562
7.65625 238.969 469.25 954.703 420.547 451.469
500.594 598.578 280.359 436.734 306.672 500.156
245.625 299.859 97.0156 240.688 408.484 882.938
431.078 769.469 306.625 732.719 406.844 410.766
156.469 354.703 182.406 636.719 123.156 152.875
166.453 582.109 331.594 471.578 221.938 237.375
482.594 891.469 434.516 511.359 241.891 539.375
134.25 644.297 290.188 660.094 306.016 618.547
82.2344 458.359 445.219 855.656 394.953 770.672
114.25 191.078 56.3438 431.156 352.078 799.094
55.7344 403.5 344.844 579.734 330.703 542.766
381.344 623.562 383.219 475.297 357.688 586.641
284.641 724.578 246.828 375.391 421.844 723.094
501.047 941.359 128.25 590.281 99.6719 570.281
207.906 244.312 449.469 456.781 280.5 680.031
50.3438 77.3438 51.5 468.797 421.812 761.172
43.1406 504.344 10.6094 19.0469 138.547 322.719
159.234 662.188 178.734 556.062 367.531 375.203
452.75 480.609 271.234 622.859 176.641 610.438
417.531 555.062 505.641 833.438 317.625 453.609
447.078 457.094 192.297 353.188 410.578 900.484
282.5 460.188 227.031 504.031 44.8438 265.547
228.703 625.453 320.281 415.75 414.312 717.625
43.5156 141.5 147.016 532.406 309.703 452.812
65.5469 458.594 197.938 267.75 464.266 729.75
239.828 291.312 382.188 750.078 493.078 788.375
361.062 810.312 404.016 898.5 312.469 785.578
219.203 484.859 61.8281 135.281 377.938 389.047
153.484 452.969 181.891 548.047 244.766 550.219
365.578 548.969 353.078 682.484 112.016 542.109
235.906 269.016 305.234 431.672 119.953 594.75
491.812 896.672 107.109 430.047 319.516 577.906
449.609 664.75 92.7812 150.703 22.0312 259.953
461.344 963.859 302.375 637.875 489.766 772.531
414.125 813.781 267.969 357.047 269.359 389.859
142.891 515.875 436.703 907.016 170.938 664.391
414.5 658.828 63.625 543.828 316.828 599.406
154.094 400.125 484.562 577.281 72.7188 112.828
445.438 455.188 267.625 313.922 439.109 708.078
498.281 856.75 275.234 674.891 438.031 698.844
276.516 320.484 97.6875 190.812 98.7656 99.4531
86.0781 107.234 179.969 682.094 443.625 459.562
74.3594 206.188 112.891 594.906 471.469 542.922
390.141 548.984 84.1875 272.781 85.9062 549
349.828 707.344 74.5625 170.453 424.219 605.281
352.859 700.062 20.6875 286.094 119.516 432.641
254.219 518.109 379.781 789.969 74.4688 500.297
130.969 189.656 463.812 794.109 481.031 720
160.438 165.438 76.1719 452.953 202.391 384.438
285.312 546.844 28.6406 263.406 445.734 483.375
385.172 660.672 81.5938 350.484 379.984 706.438
175.516 411.141 351.203 834.734 437.156 486.328
452.125 557.156 8.75 143.844 473.312 930.922
87.6406 173.172 21.5938 168.562 33.9375 194.438
480.172 533.938 290.969 561.188 189.688 636.031
102.906 333.266 146.25 480.844 285.344 503.828
392.531 561.281 56.8125 160.062 301.828 329.047
235.359 394.078 339.078 368.469 272.109 571.891
67 304.391 401.844 752.172 221.062 348.047
478.547 495.219 37.6719 49.0312 119.984 173.766
219.078 620.953 433.234 657.906 159.562 313.531
169.266 317.891 328.469 462.359 402.531 577.141
482.219 936.828 343.484 526.953 505.438 569.938
428.156 539.516 184.969 234.234 412.75 510.719
108.984 595.656 425.141 893.031 507 913.438
381.5 854.359 222.938 645.922 87.8125 187
317.25 502.5 42.4531 326.391 153.906 605.438
139.797 352.125 196.516 593.828 386.672 738.719
393.328 869.344 320.047 488.516 183.391 600.25
213.516 414.609 267.469 387.141 248.844 253.625
400.281 598.938 228.641 328.719 3.39062 210.688
101.781 562.312 463.406 463.469 294.047 391.078
